Mem:           3838        1482         739          82        1616        2197
Mem:           3838        1481         737          85        1619        2195
Mem:           3838        1480         737          85        1620        2195
Mem:           3838        1479         741          82        1617        2199
Mem:           3838        1479         738          85        1619        2196
Mem:           3838        1480         740          82        1617        2198
Mem:           3838        1479         738          85        1620        2196
Mem:           3838        1551         665          84        1621        2125
Mem:           3838        1539         674          85        1624        2136
Mem:           3838        1536         674          88        1627        2136
Mem:           3838        1536         674          88        1627        2136
Mem:           3838        1536         672          90        1629        2134
Mem:           3838        1535         670          91        1631        2133
Mem:           3838        1539         669          90        1629        2132
Mem:           3838        1539         669          89        1628        2132
Mem:           3838        1538         671          88        1627        2134
